10.0001
10.00012
10.0002
10.0003
10.0042
10.0123
10.01234
10.0124
10.0125
10.0126
10.0127
10.0128
10.0129
10.013
10.0130
10.0131
10.0132
10.0133
10.0134
10.0135
10.0136
10.0137
10.0138
10.0139
10.014
10.0140
10.0141
10.0142
10.0143
10.0144
10.0145
10.0146
10.0147
10.0148
10.0149
10.015
10.0150
10.0151
10.0152
10.0153
10.0154
10.0155
10.0156
10.0158
10.0159
10.0160
10.0161
10.0162
10.0163
10.0164
10.0165
10.0166
10.0167
10.0172
10.0173
10.0174
10.0175
10.0176
10.0177
10.0178
10.0179
10.0180
10.0234
10.0235
10.0236
10.0237
10.0238
10.0239
10.0240
10.0241
10.0242
10.0243
10.0244
10.0245
10.0246
10.0247
10.0248
10.0249
10.0250
10.0251
10.0252
10.0253
10.0254
10.0255
10.0256
10.0257
10.0258
10.0259
10.0260
10.0261
10.0262
10.0307
10.0308
10.0309
10.0310
10.0311
10.0312
10.0313
10.0314
10.0315
10.0316
10.0317
10.0318
10.0319
10.0320
10.0321
10.0322
10.0323
10.0324
10.0325
10.0327
10.0328
10.0329
10.0330
10.0334
10.0335
10.0336
10.0337
10.0338
10.0339
10.0340
10.0341
10.0342
10.0343
10.0344
10.0346
10.0347
10.0348
10.0349
10.0350
10.0351
10.0352
10.0353
10.0354
10.0355
10.0356
10.0847
10.0848
10.0849
10.0850
10.0851
10.0852
10.0853
10.0854
10.0855
10.0858
10.0859
10.11570
10.11571
10.11572
10.11573
10.11574
10.11575
10.11576
10.11577
10.11578
10.11579
10.11580
10.11581
10.11582
10.11583
10.11584
10.11585
10.11586
10.11587
10.11588
10.11589
10.1184
10.1234
10.12682
10.12683
10.12684
10.12685
10.12686
10.12751
10.12752
10.12753
10.12754
10.12755
10.12756
10.12757
10.12758
10.12759
10.12760
10.12761
10.12762
10.12763
10.12764
10.12765
10.12766
10.12767
10.12768
10.12769
10.12770
10.1285
10.13009
10.13010
10.13011
10.13012
10.13013
10.13014
10.13015
10.13016
10.13017
10.13018
10.13019
10.13020
10.13021
10.13022
10.13023
10.13024
10.13025
10.13026
10.13027
10.13028
10.13091
10.13092
10.13093
10.13094
10.13095
10.13096
10.13097
10.13098
10.13099
10.13100
10.13116
10.13117
10.13118
10.13119
10.13120
10.13121
10.13122
10.13123
10.13124
10.13125
10.13126
10.13127
10.13128
10.13129
10.13130
10.13131
10.13132
10.13133
10.13134
10.13135
10.13136
10.13137
10.13138
10.13139
10.13140
10.13141
10.13142
10.13143
10.13144
10.13145
10.13146
10.13147
10.13148
10.13149
10.13150
10.13151
10.13152
10.13153
10.13154
10.13155
10.14272
10.14273
10.14274
10.14275
10.14276
10.14277
10.14278
10.14279
10.14280
10.14281
10.14282
10.14283
10.14284
10.14285
10.14286
10.14287
10.14288
10.14289
10.14290
10.14291
10.14454
10.14455
10.14456
10.14457
10.14458
10.14459
10.14460
10.14461
10.14462
10.14463
10.14464
10.14465
10.14466
10.14467
10.14468
10.14469
10.14470
10.14471
10.14472
10.14473
10.14749
10.14750
10.14751
10.14752
10.14753
10.14754
10.14755
10.14756
10.14757
10.14758
10.14759
10.14760
10.14761
10.14762
10.14763
10.14764
10.14765
10.14766
10.14767
10.14768
10.15120
10.15121
10.15122
10.15123
10.15124
10.15125
10.15126
10.15127
10.15128
10.15129
10.15130
10.15131
10.15132
10.15133
10.15134
10.15135
10.15136
10.15137
10.15138
10.15139
10.15140
10.15141
10.15142
10.15143
10.15144
10.15145
10.15146
10.15147
10.15148
10.15149
10.15150
10.15151
10.15152
10.15153
10.15154
10.15155
10.15156
10.15157
10.15158
10.15159
10.15160
10.15161
10.15162
10.15163
10.15164
10.15165
10.15166
10.15167
10.15168
10.15169
10.15454
10.15455
10.15456
10.15457
10.15458
10.15459
10.15460
10.15461
10.15462
10.15463
10.15464
10.15465
10.15466
10.15467
10.15468
10.15469
10.15470
10.15471
10.15472
10.15473
10.15474
10.15475
10.15476
10.15477
10.15478
10.15479
10.15480
10.15481
10.15482
10.15483
10.15484
10.15485
10.15486
10.15487
10.15488
10.15489
10.15490
10.15491
10.15492
10.15493
10.15494
10.15495
10.15496
10.15497
10.15498
10.15499
10.15500
10.15501
10.15502
10.15503
10.15769
10.15770
10.15771
10.15772
10.15773
10.15774
10.15775
10.15776
10.15777
10.15778
10.15779
10.15780
10.15781
10.15782
10.15783
10.15784
10.15785
10.15786
10.15787
10.15788
10.1594
10.16902
10.16903
10.16904
10.16905
10.16906
10.16907
10.16908
10.16909
10.16910
10.16911
10.17019
10.17020
10.17021
10.17022
10.17023
10.17024
10.17025
10.17026
10.17027
10.17028
10.17029
10.17030
10.17031
10.17032
10.17033
10.17034
10.17035
10.17036
10.17037
10.17038
10.17039
10.17040
10.17041
10.17042
10.17043
10.17044
10.17045
10.17046
10.17047
10.17048
10.17166
10.17167
10.17168
10.17169
10.17170
10.17171
10.17172
10.17173
10.17174
10.17175
10.17176
10.17177
10.17178
10.17179
10.17180
10.17181
10.17182
10.17183
10.17184
10.17185
10.17186
10.17187
10.17188
10.17189
10.17190
10.17191
10.17192
10.17193
10.17194
10.17195
10.17196
10.17197
10.17198
10.17199
10.17200
10.17201
10.17202
10.17203
10.17204
10.17205
10.17590
10.17591
10.17592
10.17593
10.17594
10.17595
10.17596
10.17597
10.17598
10.17599
10.17600
10.17601
10.17602
10.17603
10.17604
10.17605
10.17606
10.17607
10.17608
10.17609
10.17610
10.17611
10.17612
10.17613
10.17614
10.17615
10.17616
10.17617
10.17618
10.17619
10.17620
10.17621
10.17622
10.17623
10.17624
10.17625
10.17626
10.17627
10.17628
10.17629
10.17630
10.17631
10.17632
10.17633
10.17634
10.17635
10.17636
10.17637
10.17638
10.17639
10.17861
10.17862
10.17863
10.17864
10.17865
10.17866
10.17867
10.17868
10.17869
10.17870
10.17871
10.17872
10.17873
10.17874
10.17875
10.17876
10.17877
10.17878
10.17879
10.17880
10.17881
10.17882
10.17883
10.17884
10.17885
10.17886
10.17887
10.17888
10.17889
10.17890
10.17891
10.17892
10.17893
10.17894
10.17895
10.17896
10.17897
10.17898
10.17899
10.17900
10.17901
10.17902
10.17903
10.17904
10.17905
10.17906
10.17907
10.17908
10.17909
10.17910
10.17911
10.17912
10.17913
10.17914
10.17915
10.17916
10.17917
10.17918
10.17920
10.18112
10.18113
10.18114
10.18115
10.18116
10.18117
10.18118
10.18119
10.18120
10.18121
10.18122
10.18123
10.18124
10.18125
10.18126
10.18127
10.18128
10.18129
10.18130
10.18131
10.18132
10.18133
10.18134
10.18135
10.18136
10.18137
10.18138
10.18139
10.18140
10.18141
10.18142
10.18143
10.18144
10.18145
10.18146
10.18147
10.18148
10.18149
10.18150
10.18151
10.18152
10.18153
10.18154
10.18155
10.18156
10.18157
10.18158
10.18159
10.18160
10.18161
10.18162
10.18163
10.18164
10.18165
10.18166
10.18167
10.18168
10.18169
10.18170
10.18171
10.18416
10.18417
10.18418
10.18419
10.18420
10.18421
10.18422
10.18423
10.18424
10.18425
10.18426
10.18427
10.18428
10.18429
10.18430
10.18431
10.18432
10.18433
10.18434
10.18435
10.18436
10.18437
10.18438
10.18439
10.18440
10.18441
10.18442
10.18443
10.18444
10.18445
10.18446
10.18447
10.18448
10.18449
10.18450
10.18451
10.18452
10.18453
10.18454
10.18455
10.18456
10.18457
10.18458
10.18459
10.18460
10.18461
10.18462
10.18463
10.18464
10.18465
10.18709
10.18710
10.18711
10.18712
10.18713
10.18714
10.18715
10.18716
10.18717
10.18718
10.18719
10.18720
10.18721
10.18722
10.18723
10.18724
10.18725
10.18726
10.18727
10.18728
10.18729
10.18730
10.18731
10.18732
10.18733
10.18734
10.18735
10.18736
10.18737
10.18738
10.18739
10.18740
10.18741
10.18742
10.18743
10.18744
10.18745
10.18746
10.18747
10.18748
10.18749
10.18750
10.18751
10.18752
10.18753
10.18754
10.18755
10.18756
10.18757
10.18758
10.20345
10.20346
10.20347
10.20348
10.20349
10.20350
10.20351
10.20352
10.20353
10.20354
10.20355
10.20356
10.20357
10.20358
10.20359
10.20360
10.20361
10.20362
10.20363
10.20364
10.20365
10.20366
10.20367
10.20368
10.20369
10.20370
10.20371
10.20372
10.20373
10.20374
10.20375
10.20376
10.20377
10.20378
10.20379
10.20380
10.20381
10.20382
10.20383
10.20384
10.20385
10.20386
10.20387
10.20388
10.20389
10.20390
10.20391
10.20392
10.20393
10.20394
10.20395
10.20396
10.20397
10.20398
10.20399
10.20400
10.20401
10.20402
10.20403
10.20404
10.20405
10.20406
10.20407
10.20408
10.20409
10.20410
10.21220
10.21221
10.21222
10.21223
10.21224
10.21225
10.21226
10.21227
10.21228
10.21229
10.21230
10.21231
10.21232
10.21233
10.21234
10.21235
10.21236
10.21237
10.21238
10.21239
10.21240
10.21241
10.21242
10.21243
10.21244
10.21245
10.21246
10.21247
10.21248
10.21249
10.21250
10.21251
10.21252
10.21253
10.21254
10.21255
10.21256
10.21257
10.21258
10.21259
10.21260
10.21261
10.21262
10.21263
10.21264
10.21265
10.21266
10.21267
10.21268
10.21269
10.21334
10.21335
10.21336
10.21337
10.21338
10.21339
10.21340
10.21341
10.21342
10.21343
10.21344
10.21345
10.21346
10.21347
10.21348
10.21349
10.21350
10.21351
10.21352
10.21353
10.21354
10.21355
10.21356
10.21357
10.21358
10.21359
10.21360
10.21361
10.21362
10.21363
10.21364
10.21365
10.21366
10.21367
10.21368
10.21369
10.21370
10.21371
10.21372
10.21373
10.21374
10.21375
10.21376
10.21377
10.21378
10.21379
10.21380
10.21381
10.21382
10.21383
10.21384
10.21385
10.21386
10.21387
10.21388
10.21389
10.21390
10.21391
10.21392
10.21393
10.21394
10.21395
10.21396
10.21397
10.21398
10.21399
10.21400
10.21401
10.21402
10.21403
10.21404
10.21405
10.21406
10.21407
10.21408
10.21409
10.21410
10.21411
10.21412
10.21413
10.21414
10.21415
10.21416
10.21417
10.21418
10.21419
10.21420
10.21421
10.21422
10.21423
10.21424
10.21425
10.21426
10.21427
10.21428
10.21429
10.21430
10.21431
10.21432
10.21433
10.21934
10.21935
10.21936
10.21937
10.21938
10.21939
10.21940
10.21941
10.21942
10.21943
10.21944
10.21945
10.21946
10.21947
10.21948
10.21949
10.2195
10.21950
10.21951
10.21952
10.21953
10.21954
10.21955
10.21956
10.21957
10.21958
10.21959
10.21960
10.21961
10.21962
10.21963
10.21964
10.21965
10.21966
10.21967
10.21968
10.21969
10.21970
10.21971
10.21972
10.21973
10.21974
10.21975
10.21976
10.21977
10.21978
10.21979
10.21980
10.21981
10.21982
10.21983
10.21984
10.21985
10.21986
10.21987
10.21988
10.21989
10.21990
10.21991
10.21992
10.21993
10.21994
10.21995
10.21996
10.21997
10.21998
10.21999
10.22000
10.22001
10.22002
10.22003
10.22004
10.22005
10.22006
10.22007
10.22008
10.22009
10.22010
10.22011
10.22012
10.22013
10.22014
10.22015
10.22016
10.22017
10.22018
10.22019
10.22020
10.22021
10.22022
10.22023
10.22024
10.22025
10.22026
10.22027
10.22028
10.22029
10.22030
10.22031
10.22032
10.22033
10.2311
10.2312
10.2313
10.2314
10.2315
10.23634
10.23635
10.23636
10.23637
10.23638
10.23639
10.23640
10.23641
10.23642
10.23643
10.23644
10.23645
10.23646
10.23647
10.23648
10.23649
10.23650
10.23651
10.23652
10.23653
10.23654
10.23655
10.23656
10.23657
10.23658
10.23659
10.23660
10.23661
10.23662
10.23663
10.23664
10.23665
10.23666
10.23667
10.23668
10.23669
10.23670
10.23671
10.23672
10.23673
10.23674
10.23675
10.23676
10.23677
10.23678
10.23679
10.23680
10.23681
10.23682
10.23683
10.23684
10.23685
10.23686
10.23687
10.23688
10.23689
10.23690
10.23691
10.23692
10.23693
10.23694
10.23695
10.23696
10.23697
10.23698
10.23699
10.23700
10.23701
10.23702
10.23703
10.23704
10.23705
10.23706
10.23707
10.23708
10.23709
10.23710
10.23711
10.23712
10.23713
10.23714
10.23715
10.23716
10.23717
10.23718
10.23719
10.23720
10.23721
10.23722
10.23723
10.23724
10.23725
10.23726
10.23727
10.23728
10.23729
10.23730
10.23731
10.23732
10.23733
10.2390
10.24334
10.24335
10.24336
10.24337
10.24338
10.24339
10.24340
10.24341
10.24342
10.24343
10.24344
10.24345
10.24346
10.24347
10.24348
10.24349
10.24350
10.24351
10.24352
10.24353
10.24354
10.24355
10.24356
10.24357
10.24358
10.24359
10.24360
10.24361
10.24362
10.24363
10.24364
10.24365
10.24366
10.24367
10.24368
10.24369
10.24370
10.24371
10.24372
10.24373
10.24374
10.24375
10.24376
10.24377
10.24378
10.24379
10.24380
10.24381
10.24382
10.24383
10.24384
10.24385
10.24386
10.24387
10.24388
10.24389
10.24390
10.24391
10.24392
10.24393
10.24394
10.24395
10.24396
10.24397
10.24398
10.24399
10.24400
10.24401
10.24402
10.24403
10.24404
10.24405
10.24406
10.24407
10.24408
10.24409
10.24410
10.24411
10.24412
10.24413
10.24414
10.24415
10.24416
10.24417
10.24418
10.24419
10.24420
10.24421
10.24422
10.24423
10.24424
10.24425
10.24426
10.24427
10.24428
10.24429
10.24430
10.24431
10.24432
10.24433
10.24434
10.24435
10.24437
10.24439
10.24442
10.24445
10.24447
10.24452
10.25326
10.25327
10.25328
10.25329
10.25353
10.25354
10.25355
10.25356
10.25357
10.25358
10.25359
10.25360
10.25361
10.25362
10.25499
10.25500
10.25501
10.25502
10.25503
10.25504
10.25505
10.25506
10.25507
10.25508
10.25517
10.25518
10.25519
10.25520
10.25560
10.25561
10.25562
10.25563
10.25564
10.25565
10.25566
10.25567
10.25568
10.25569
10.25575
10.25576
10.25577
10.25578
10.25579
10.25580
10.25601
10.25619
10.25620
10.25621
10.25622
10.25623
10.25624
10.25625
10.25626
10.25627
10.26032
10.26035
10.26037
10.26039
10.26041
10.2899
10.3203
10.3204
10.3205
10.3206
10.3207
10.3249
10.3285
10.3334
10.33500
10.33501
10.33502
10.33503
10.33504
10.33505
10.33506
10.33507
10.33508
10.33509
10.33510
10.33511
10.33512
10.33513
10.33514
10.33515
10.33516
10.33517
10.33518
10.33519
10.33520
10.33521
10.33522
10.33523
10.33524
10.33525
10.33526
10.33527
10.33528
10.33529
10.33530
10.33531
10.33532
10.33533
10.33534
10.33535
10.33536
10.33537
10.33538
10.33539
10.33540
10.33541
10.33542
10.33543
10.33544
10.33545
10.33546
10.33547
10.33548
10.33549
10.33550
10.33551
10.33552
10.33553
10.33554
10.33555
10.33556
10.33557
10.33558
10.33559
10.33560
10.33561
10.33562
10.33563
10.33564
10.33565
10.33566
10.33567
10.33568
10.33569
10.33570
10.33571
10.33572
10.33573
10.33574
10.33575
10.33576
10.33577
10.33578
10.33579
10.33580
10.33581
10.33582
10.33583
10.33584
10.33585
10.33586
10.33587
10.33588
10.33589
10.33590
10.33591
10.33592
10.33593
10.33603
10.33604
10.33605
10.33606
10.33625
10.33626
10.33627
10.33628
10.33630
10.33631
10.33632
10.33633
10.33634
10.33635
10.33636
10.33644
10.33653
10.33654
10.33656
10.33657
10.33658
10.33660
10.33661
10.33679
10.33680
10.33681
10.33684
10.33685
10.33687
10.33690
10.34915
10.3886
10.3929
10.3930
10.3931
10.3932
10.3933
10.4117
10.4118
10.4119
10.4120
10.4121
10.4122
10.4123
10.4124
10.4125
10.4126
10.4224
10.4225
10.4226
10.4227
10.4228
10.4229
10.4230
10.4231
10.4232
10.4233
10.4246
10.4429
10.5060
10.5061
10.5062
10.5063
10.5064
10.5065
10.5066
10.5067
10.5068
10.5069
10.5070
10.5071
10.5073
10.5074
10.5075
10.5076
10.5077
10.5078
10.5079
10.5156
10.5157
10.5158
10.5159
10.5160
10.5161
10.5162
10.5163
10.5164
10.5165
10.5166
10.5167
10.5168
10.5169
10.5170
10.5195
10.5203
10.5255
10.5256
10.5257
10.5258
10.5259
10.5277
10.5278
10.5279
10.5280
10.5281
10.5282
10.5283
10.5284
10.5285
10.5286
10.5287
10.5288
10.5289
10.5290
10.5291
10.5438
10.5439
10.5440
10.5441
10.5442
10.5443
10.5444
10.5445
10.5446
10.5447
10.5448
10.5449
10.5450
10.5451
10.5452
10.5517
10.5518
10.5519
10.5520
10.5521
10.5522
10.5523
10.5524
10.5525
10.5526
10.5675
10.5676
10.5677
10.5678
10.5679
10.5680
10.5681
10.5682
10.5683
10.5684
10.5878
10.5879
10.5880
10.5881
10.5882
10.5883
10.5884
10.5885
10.5886
10.5887
10.5903
10.5904
10.5905
10.5906
10.5907
10.5967
10.5968
10.5969
10.5970
10.5971
10.5972
10.5973
10.5974
10.5975
10.5976
10.6067
10.6068
10.6069
10.6070
10.6071
10.6072
10.6073
10.6074
10.6075
10.6076
10.6077
10.6078
10.6079
10.6080
10.6081
10.6082
10.6083
10.6084
10.6085
10.6086
10.6091
10.6092
10.6093
10.6094
10.6095
10.6096
10.6097
10.6098
10.6099
10.6100
10.6101
10.6102
10.6103
10.6104
10.6105
10.6141
10.70000
10.70001
10.70002
10.70003
10.70004
10.70005
10.70006
10.70007
10.70008
10.70009
10.70010
10.70011
10.70012
10.70013
10.70014
10.70015
10.70016
10.70017
10.70018
10.70019
10.70020
10.70021
10.70022
10.70023
10.70024
10.70025
10.70026
10.70027
10.70028
10.70029
10.70030
10.70031
10.70032
10.70033
10.70034
10.70035
10.70036
10.70037
10.70038
10.70039
10.70040
10.70041
10.70042
10.70043
10.70044
10.70045
10.70046
10.70047
10.70048
10.70049
10.70100
10.70101
10.70102
10.70103
10.70104
10.70105
10.70106
10.70107
10.70108
10.70109
10.70110
10.70111
10.70112
10.70113
10.70114
10.70115
10.70116
10.70117
10.70118
10.70119
10.70120
10.70121
10.70122
10.70123
10.70124
10.70125
10.70126
10.70127
10.70128
10.70129
10.70130
10.70131
10.70132
10.70133
10.70134
10.70135
10.70136
10.70137
10.70138
10.70139
10.70140
10.70141
10.70142
10.70143
10.70144
10.70145
10.70146
10.70147
10.70148
10.70149
10.7264
10.7265
10.7266
10.7267
10.7268
10.7269
10.7270
10.7271
10.7272
10.7273
10.7274
10.7275
10.7276
10.7277
10.7278
10.7279
10.7280
10.7281
10.7282
10.7283
10.7284
10.7285
10.7286
10.7287
10.7288
10.7289
10.7290
10.7291
10.7292
10.7293
10.7294
10.7295
10.7296
10.7297
10.7298
10.7299
10.7300
10.7301
10.7302
10.7303
10.7340
10.7477
10.7478
10.7479
10.7480
10.7481
10.7482
10.7483
10.7484
10.7485
10.7486
10.7487
10.7488
10.7489
10.7490
10.7491
10.7777
10.7794
10.7795
10.7796
10.7797
10.7798
10.7799
10.7800
10.7801
10.7802
10.7803
10.7804
10.7805
10.7806
10.7807
10.7808
10.7890
10.7891
10.7892
10.7893
10.7894
10.7907
10.7908
10.7909
10.7910
10.7911
10.7912
10.7913
10.7914
10.7915
10.7916
10.7917
10.7918
10.7919
10.7920
10.7921
10.7922
10.7923
10.7924
10.7925
10.7926
10.7927
10.7928
10.7929
10.7930
10.7931
10.7932
10.7933
10.7934
10.7935
10.7936
10.7937
10.7938
10.7939
10.7940
10.7941
10.7942
10.7943
10.7944
10.7945
10.7946
10.7947
10.7948
10.7949
10.7950
10.7951
10.7952
10.7953
10.7954
10.7955
10.7956
10.7957
10.7958
10.7959
10.7960
10.7961
10.7962
10.7963
10.7964
10.7965
10.7966
10.7967
10.7968
10.7969
10.7970
10.7971
10.7972
10.80000
10.80001
10.80002
10.80003
10.80004
10.80005
10.80006
10.80007
10.80008
10.80009
10.80010
10.80011
10.80012
10.80013
10.80014
10.80015
10.80016
10.80017
10.80018
10.80019
10.80020
10.80021
10.80022
10.80023
10.80024
10.80025
10.80026
10.80027
10.80028
10.80029
10.80030
10.80031
10.80032
10.80033
10.80034
10.80035
10.80036
10.80037
10.80038
10.80039
10.80040
10.80041
10.80042
10.80043
10.80044
10.80045
10.80046
10.80047
10.80048
10.80049
10.80050
10.80051
10.80052
10.80053
10.80054
10.80055
10.80056
10.80057
10.80058
10.80059
10.80060
10.80061
10.80062
10.80063
10.80064
10.80065
10.80066
10.80067
10.80068
10.80069
10.80070
10.80071
10.80072
10.80073
10.80074
10.80075
10.80076
10.80077
10.80078
10.80079
10.80080
10.80081
10.80082
10.80083
10.80084
10.80085
10.80086
10.80087
10.80088
10.80089
10.80090
10.80091
10.80092
10.80093
10.80094
10.80095
10.80096
10.80097
10.80098
10.80099
10.80100
10.80101
10.80102
10.80103
10.80104
10.80105
10.80106
10.80107
10.80108
10.80109
10.80110
10.80111
10.80112
10.80113
10.80114
10.80115
10.80116
10.80117
10.80118
10.80119
10.80120
10.80121
10.80122
10.80123
10.80124
10.80125
10.80126
10.80127
10.80128
10.80129
10.80130
10.80131
10.80132
10.80133
10.80134
10.80135
10.80136
10.80137
10.80138
10.80139
10.80140
10.80141
10.80142
10.80143
10.80144
10.80145
10.80146
10.80147
10.80148
10.80149
10.80150
10.80151
10.80152
10.80153
10.80154
10.80155
10.80156
10.80157
10.80158
10.80159
10.80160
10.80161
10.80162
10.80163
10.80164
10.80165
10.80166
10.80167
10.80168
10.80169
10.80170
10.80171
10.80172
10.80173
10.80174
10.80175
10.80176
10.80177
10.80178
10.80179
10.80180
10.80181
10.80182
10.80183
10.80184
10.80185
10.80186
10.80187
10.80188
10.80189
10.80190
10.80191
10.80192
10.80193
10.80194
10.80195
10.80196
10.80197
10.80198
10.80199
10.80200
10.80201
10.80202
10.80203
10.80204
10.80205
10.80206
10.80207
10.80208
10.80209
10.80210
10.80211
10.80212
10.80213
10.80214
10.80215
10.80216
10.80217
10.80218
10.80219
10.80220
10.80221
10.80222
10.80223
10.80224
10.80225
10.80226
10.80227
10.80228
10.80229
10.80230
10.80231
10.80232
10.80233
10.80234
10.80235
10.80236
10.80237
10.80238
10.80239
10.80240
10.80241
10.80242
10.80243
10.80244
10.80245
10.80246
10.80247
10.80248
10.80249
10.80250
10.80251
10.80252
10.80253
10.80254
10.80255
10.80256
10.80257
10.80258
10.80259
10.80260
10.80261
10.80262
10.80263
10.80264
10.80265
10.80266
10.80267
10.80268
10.80269
10.80270
10.80271
10.80272
10.80273
10.80274
10.80275
10.80276
10.80277
10.80278
10.80279
10.80280
10.80281
10.80282
10.80283
10.80284
10.80285
10.80286
10.80287
10.80288
10.80289
10.80290
10.80291
10.80292
10.80293
10.80294
10.80295
10.80296
10.80297
10.80298
10.80299
10.80300
10.80301
10.80302
10.80303
10.80304
10.80305
10.80306
10.80307
10.80308
10.80309
10.80310
10.80311
10.80312
10.80313
10.80314
10.80315
10.80316
10.80317
10.80318
10.80319
10.80320
10.80321
10.80322
10.80323
10.80324
10.80325
10.80326
10.80327
10.80328
10.80329
10.80330
10.80331
10.80332
10.80333
10.80334
10.80335
10.80336
10.80337
10.80338
10.80339
10.80340
10.80341
10.80342
10.80343
10.80344
10.80345
10.80346
10.80347
10.80348
10.80349
10.80350
10.80351
10.80352
10.80353
10.80354
10.80355
10.80356
10.80357
10.80358
10.80359
10.80360
10.80361
10.80362
10.80363
10.80364
10.80365
10.80366
10.80367
10.80368
10.80369
10.80370
10.80371
10.80372
10.80373
10.80374
10.80375
10.80376
10.80377
10.80378
10.80379
10.80380
10.80381
10.80382
10.80383
10.80384
10.80385
10.80386
10.80387
10.80388
10.80389
10.80390
10.80391
10.80392
10.80393
10.80394
10.80395
10.80396
10.80397
10.80398
10.80399
10.80400
10.80401
10.80402
10.80403
10.80404
10.80405
10.80406
10.80407
10.80408
10.80409
10.80410
10.80411
10.80412
10.80413
10.80414
10.80415
10.80416
10.80417
10.80418
10.80419
10.80420
10.80421
10.80422
10.80423
10.80424
10.80425
10.80426
10.80427
10.80428
10.80429
10.80430
10.80431
10.80432
10.80433
10.80434
10.80435
10.80436
10.80437
10.80438
10.80439
10.80440
10.80441
10.80442
10.80443
10.80444
10.80445
10.80446
10.80447
10.80448
10.80449
10.80450
10.80451
10.80452
10.80453
10.80454
10.80455
10.80456
10.80457
10.80458
10.80459
10.80460
10.80461
10.80462
10.80463
10.80464
10.80465
10.80466
10.80467
10.80468
10.80469
10.80470
10.80471
10.80472
10.80473
10.80474
10.80475
10.80476
10.80477
10.80478
10.80479
10.80480
10.80481
10.80482
10.80483
10.80484
10.80485
10.80486
10.80487
10.80488
10.80489
10.80490
10.80491
10.80492
10.80493
10.80494
10.80495
10.80496
10.80497
10.80498
10.80499
10.80500
10.80501
10.80502
10.80503
10.80504
10.80505
10.80506
10.80507
10.80508
10.80509
10.80510
10.80511
10.80512
10.80513
10.80514
10.80515
10.80516
10.80517
10.80518
10.80519
10.80520
10.80521
10.80602
10.80603
10.80604
10.80605
10.80606
10.80607
10.80608
10.80609
10.80610
10.80611
10.80612
10.80613
10.80614
10.80615
10.80616
10.80617
10.80618
10.80619
10.80620
10.80621
10.80622
10.80623
10.80624
10.80625
10.80626
10.80627
10.80628
10.80629
10.80630
10.80631
10.80632
10.80633
10.80634
10.80635
10.80636
10.80637
10.80638
10.80639
10.80640
10.80641
10.80674
10.80699
10.80702
10.80725
10.80727
10.80728
10.80729
10.80747
10.80748
10.80757
10.80788
10.80791
10.80796
10.80814
10.80815
10.80816
10.80817
10.80818
10.80819
10.80820
10.80821
10.80822
10.80823
10.80824
10.80825
10.80826
10.80827
10.80828
10.80829
10.80830
10.80831
10.80832
10.80833
10.80834
10.80835
10.80836
10.80837
10.80838
10.80839
10.80840
10.80841
10.80842
10.80843
10.80844
10.80845
10.80846
10.80847
10.80848
10.80849
10.80850
10.80851
10.80852
10.80853
10.80854
10.80855
10.80856
10.80857
10.80858
10.80859
10.80860
10.80861
10.80862
10.80863
10.80864
10.80865
10.80866
10.80867
10.80868
10.80869
10.80870
10.80871
10.80872
10.80873
10.80875
10.80876
10.80878
10.80880
10.80899
10.80921
10.80931
10.80956
10.80958
10.80975
10.81000
10.81001
10.81002
10.81003
10.81004
10.81005
10.81006
10.81007
10.81008
10.81009
10.81010
10.81011
10.81012
10.81013
10.81014
10.81015
10.81016
10.81017
10.81018
10.81019
10.81020
10.81021
10.81022
10.81023
10.81024
10.81025
10.81026
10.81027
10.81028
10.81029
10.81030
10.81031
10.81032
10.81033
10.81034
10.81035
10.81036
10.81037
10.81038
10.81039
10.81040
10.81041
10.81042
10.81043
10.81044
10.81045
10.81046
10.81047
10.81048
10.81049
10.81050
10.81051
10.81052
10.81053
10.81054
10.81055
10.81056
10.81057
10.81058
10.81059
10.81060
10.81061
10.81062
10.81063
10.81064
10.81065
10.81066
10.81067
10.81068
10.81069
10.81070
10.81071
10.81072
10.81073
10.81074
10.81075
10.81076
10.81077
10.81078
10.81079
10.81080
10.81081
10.81082
10.81083
10.81084
10.81085
10.81086
10.81087
10.81088
10.81089
10.81090
10.81091
10.81092
10.81093
10.81094
10.81095
10.81096
10.81097
10.81098
10.81099
10.81100
10.81101
10.82000
10.82001
10.82002
10.82003
10.82004
10.82005
10.82006
10.82007
10.82008
10.82009
10.82010
10.82011
10.82012
10.82013
10.82014
10.82015
10.82016
10.82017
10.82018
10.82019
10.82020
10.82021
10.82022
10.82023
10.82024
10.82025
10.82026
10.82027
10.82028
10.82029
10.82030
10.82031
10.82032
10.82033
10.82034
10.82035
10.82036
10.82037
10.82038
10.82039
10.82040
10.82041
10.82042
10.82043
10.82044
10.82045
10.82046
10.82047
10.82048
10.82049
10.82050
10.82051
10.82052
10.82053
10.82054
10.82055
10.82056
10.82057
10.82058
10.82059
10.82060
10.82061
10.82062
10.82063
10.82064
10.82065
10.82066
10.82067
10.82068
10.82069
10.82070
10.82071
10.82072
10.82073
10.82074
10.82075
10.82076
10.82077
10.82078
10.82079
10.82080
10.82081
10.82082
10.82083
10.82084
10.82085
10.82086
10.82087
10.82088
10.82089
10.82090
10.82091
10.82092
10.82093
10.82094
10.82095
10.82096
10.82097
10.82098
10.82099
10.82100
10.82101
10.82102
10.82103
10.82104
10.82105
10.82106
10.82107
10.82108
10.82109
10.82110
10.82111
10.82112
10.82113
10.82114
10.82115
10.82116
10.82117
10.82118
10.82119
10.82120
10.82121
10.82122
10.82123
10.82124
10.82125
10.82126
10.82127
10.82128
10.82129
10.82130
10.82131
10.82132
10.82133
10.82134
10.82135
10.82136
10.82137
10.82138
10.82139
10.82140
10.82141
10.82142
10.82143
10.82144
10.82145
10.82146
10.82147
10.82148
10.82149
10.82150
10.82151
10.82152
10.82153
10.82154
10.82155
10.82156
10.82157
10.82158
10.82159
10.82160
10.82161
10.82162
10.82163
10.82164
10.82165
10.82166
10.82167
10.82168
10.82169
10.82170
10.82171
10.82172
10.82173
10.82174
10.82175
10.82176
10.82177
10.82178
10.82179
10.82180
10.82181
10.82182
10.82183
10.82184
10.82185
10.82186
10.82187
10.82188
10.82189
10.82190
10.82191
10.82192
10.82193
10.82194
10.82195
10.82196
10.82197
10.82198
10.82199
10.82200
10.82201
10.82202
10.82203
10.82204
10.82205
10.82206
10.82207
10.82208
10.82209
10.82210
10.82211
10.82212
10.82213
10.82214
10.82215
10.82216
10.82217
10.82218
10.82219
10.82220
10.82221
10.82222
10.82223
10.82224
10.82225
10.82226
10.82227
10.82228
10.82229
10.82230
10.82231
10.82232
10.82233
10.82234
10.82235
10.82236
10.82237
10.82238
10.82239
10.82240
10.82241
10.82242
10.82243
10.82244
10.82245
10.82246
10.82247
10.82248
10.82249
10.82250
10.82251
10.82252
10.82253
10.82254
10.82255
10.82256
10.82257
10.82258
10.82259
10.82260
10.82261
10.82262
10.82263
10.82264
10.82265
10.82266
10.82267
10.82268
10.82269
10.82270
10.82271
10.82272
10.82273
10.82274
10.82275
10.82276
10.82277
10.82278
10.82279
10.82280
10.82281
10.82282
10.82283
10.82284
10.82285
10.82286
10.82287
10.82288
10.82289
10.82290
10.82291
10.82292
10.82293
10.82294
10.82295
10.82296
10.82297
10.82298
10.82299
10.82300
10.82301
10.82302
10.82303
10.82304
10.82305
10.82306
10.82307
10.82308
10.82309
10.82310
10.82311
10.82312
10.82313
10.82314
10.82315
10.82316
10.82317
10.82318
10.82319
10.82320
10.82321
10.82322
10.82323
10.82324
10.82325
10.82326
10.82327
10.82328
10.82329
10.82330
10.82331
10.82332
10.82333
10.82334
10.82335
10.82336
10.82337
10.82338
10.82339
10.82340
10.82341
10.82342
10.82343
10.82344
10.82345
10.82346
10.82347
10.82348
10.82349
10.82350
10.82351
10.82352
10.82353
10.82354
10.82355
10.82356
10.82357
10.82358
10.82359
10.82360
10.82361
10.82362
10.82363
10.82364
10.82365
10.82366
10.82367
10.82368
10.82369
10.82370
10.82371
10.82372
10.82373
10.82374
10.82375
10.82376
10.82377
10.82378
10.82379
10.82380
10.82381
10.82382
10.82383
10.82384
10.82385
10.82386
10.82387
10.82388
10.82389
10.82390
10.82391
10.82392
10.82393
10.82394
10.82395
10.82396
10.82397
10.82398
10.82399
10.82400
10.82401
10.82402
10.82403
10.82404
10.82405
10.82406
10.82407
10.82408
10.82409
10.82410
10.82411
10.82412
10.82413
10.82414
10.82415
10.82416
10.82417
10.82418
10.82419
10.82420
10.82421
10.82422
10.82423
10.82424
10.82425
10.82426
10.82427
10.82428
10.82429
10.82430
10.82431
10.82432
10.82433
10.82434
10.82435
10.82436
10.82437
10.82438
10.82439
10.82440
10.82441
10.82442
10.82443
10.82444
10.82445
10.82446
10.82447
10.82448
10.82449
10.82450
10.82451
10.82452
10.82453
10.82454
10.82455
10.82456
10.82457
10.82458
10.82459
10.82460
10.82461
10.82462
10.82463
10.82464
10.82465
10.82466
10.82467
10.82468
10.82469
10.82470
10.82471
10.82472
10.82473
10.82474
10.82475
10.82476
10.82477
10.82478
10.82479
10.82480
10.82481
10.82482
10.82483
10.82484
10.82485
10.82486
10.82487
10.82488
10.82489
10.82490
10.82491
10.82492
10.82493
10.82494
10.82495
10.82496
10.82497
10.82498
10.82499
10.82500
10.82501
10.82502
10.82503
10.82504
10.82505
10.82506
10.82507
10.82508
10.82509
10.82510
10.82511
10.82512
10.82513
10.82514
10.82515
10.82516
10.82517
10.82518
10.82519
10.82520
10.82521
10.82522
10.82523
10.82524
10.82525
10.82526
10.82527
10.82528
10.82529
10.82530
10.82531
10.82532
10.82533
10.82534
10.82535
10.82536
10.82537
10.82538
10.82539
10.82540
10.82541
10.82542
10.82543
10.82544
10.82545
10.82546
10.82547
10.82548
10.82549
10.82550
10.82551
10.82552
10.82553
10.82554
10.82555
10.82556
10.82557
10.82558
10.82559
10.82560
10.82561
10.82562
10.82563
10.82564
10.82565
10.82566
10.82567
10.82568
10.82569
10.82570
10.82571
10.82572
10.82573
10.82574
10.82575
10.82576
10.82577
10.82578
10.82579
10.82580
10.82581
10.82582
10.82583
10.82584
10.82585
10.82586
10.82587
10.82588
10.82589
10.82590
10.82591
10.82592
10.82593
10.82594
10.82595
10.82596
10.82597
10.82598
10.82599
10.82600
10.82601
10.82602
10.82603
10.82604
10.82605
10.82606
10.82607
10.82608
10.82609
10.82610
10.82611
10.82612
10.82613
10.82614
10.82615
10.82616
10.82617
10.82618
10.82619
10.82620
10.82621
10.82622
10.82623
10.82624
10.82625
10.82626
10.82627
10.82628
10.82629
10.82630
10.82631
10.82632
10.82633
10.82634
10.82635
10.82636
10.82637
10.82638
10.82639
10.82640
10.82641
10.82642
10.82643
10.82644
10.82645
10.82646
10.82647
10.82648
10.82649
10.82650
10.82651
10.82652
10.82653
10.82654
10.82655
10.82656
10.82657
10.82658
10.82659
10.82660
10.82661
10.82662
10.82663
10.82664
10.82665
10.82666
10.82667
10.82668
10.82669
10.82670
10.82671
10.82672
10.82673
10.82674
10.82675
10.82676
10.82677
10.82678
10.82679
10.82680
10.82681
10.82682
10.82683
10.82684
10.82685
10.82686
10.82687
10.82688
10.82689
10.82690
10.82691
10.82692
10.82693
10.82694
10.82695
10.82696
10.82697
10.82698
10.82699
10.82700
10.82701
10.82702
10.82703
10.82704
10.82705
10.82706
10.82707
10.82708
10.82709
10.82710
10.82711
10.82712
10.82713
10.82714
10.82715
10.82716
10.82717
10.82718
10.82719
10.82720
10.82721
10.82722
10.82723
10.82724
10.82725
10.82726
10.82727
10.82728
10.82729
10.82730
10.82731
10.82732
10.82733
10.82734
10.82735
10.82736
10.82737
10.82738
10.82739
10.82740
10.82741
10.82742
10.82743
10.82744
10.82745
10.82746
10.82747
10.82748
10.82749
10.82750
10.82751
10.82752
10.82753
10.82754
10.82755
10.82756
10.82757
10.82758
10.82759
10.82760
10.82761
10.82762
10.82763
10.82764
10.82765
10.82766
10.82767
10.82768
10.82769
10.82770
10.82771
10.82772
10.82773
10.82774
10.82775
10.82776
10.82777
10.82778
10.82779
10.82780
10.82781
10.82782
10.82783
10.82784
10.82785
10.82786
10.82787
10.82788
10.82789
10.82790
10.82791
10.82792
10.82793
10.82794
10.82795
10.82796
10.82797
10.82798
10.82799
10.82800
10.82801
10.82802
10.82803
10.82804
10.82805
10.82806
10.82807
10.82808
10.82809
10.82810
10.82811
10.82812
10.82813
10.82814
10.82815
10.82816
10.82817
10.82818
10.82819
10.82820
10.82821
10.82822
10.82823
10.82824
10.82825
10.82826
10.82827
10.82828
10.82829
10.82830
10.82831
10.82832
10.82833
10.82834
10.82835
10.82836
10.82837
10.82838
10.82839
10.82840
10.82841
10.82842
10.82843
10.82844
10.82845
10.82846
10.82847
10.82848
10.82849
10.82850
10.82851
10.82852
10.82853
10.82854
10.82855
10.82856
10.82857
10.82858
10.82859
10.82860
10.82861
10.82862
10.82863
10.82864
10.82865
10.82866
10.82867
10.82868
10.82869
10.82870
10.82871
10.82872
10.82873
10.82874
10.82875
10.82876
10.82877
10.82878
10.82879
10.82880
10.82881
10.82882
10.82883
10.82884
10.82885
10.82886
10.82887
10.82888
10.82889
10.82890
10.82891
10.82892
10.82893
10.82894
10.82895
10.82896
10.82897
10.82898
10.82899
10.82900
10.82901
10.82902
10.82903
10.82904
10.82905
10.82906
10.82907
10.82908
10.82909
10.82910
10.82911
10.82912
10.82913
10.82914
10.82915
10.82916
10.82917
10.82918
10.82919
10.82920
10.82921
10.82922
10.82923
10.82924
10.82925
10.82926
10.82927
10.82928
10.82929
10.82930
10.82931
10.82932
10.82933
10.82934
10.82935
10.82936
10.82937
10.82938
10.82939
10.82940
10.82941
10.82942
10.82943
10.82944
10.82945
10.82946
10.82947
10.82948
10.82949
10.82950
10.82951
10.82952
10.82953
10.82954
10.82955
10.82956
10.82957
10.82958
10.82959
10.82960
10.82961
10.82962
10.82963
10.82964
10.82965
10.82966
10.82967
10.82968
10.82969
10.82970
10.82971
10.82972
10.82973
10.82974
10.82975
10.82976
10.82977
10.82978
10.82979
10.82980
10.82981
10.82982
10.82983
10.82984
10.82985
10.82986
10.82987
10.82988
10.82989
10.82990
10.82991
10.82992
10.82993
10.82994
10.82995
10.82996
10.82997
10.82998
10.82999
